85995.47930836678
58807.51999878883
77194.80615925789
112699.01937770844
12934.560106039047
66314.6765294075
137805.59398841858
43321.74158835411
159450.87580275536
53582.40666103363
156160.06754350662
20221.20196700096
3025.042811870575
56284.19012904167
57352.406210422516
200000
7819.933553218842
96036.64770960808
35579.83831191063
39421.178522348404
83270.79614114761
133130.29400777817
9663.613525867462
10534.105558156967
38975.14754939079
98041.30007314682
56730.91619300842
34780.92384648323
54081.092171669006
32296.882597208023
12958.707884788513
7878.882984161377
28808.57479929924
38794.35700106621
4784.8985550403595
