78579.55421161652
88226.36091637611
70126.93064928055
111112.5440750122
16813.01101088524
58553.04307937622
149973.0892484188
38311.56335568428
154130.46671414375
56574.06019973755
144094.94339108467
7945.511370420456
2507.4201431274414
64227.54011154175
63764.431425094604
200000.0
6791.364634752274
80013.6346218586
29538.74420952797
35050.10997247696
123259.15837788582
124856.70764183998
15505.061545610428
18854.55916070938
32682.63974928856
106656.98502111435
47895.80041337013
47853.97389578819
51086.95688414574
40684.35773181915
5312.790579080582
5964.365798711777
27059.503025770187
53488.376125097275
4445.667187452316
